###The Graph represented by adjecent list is
cores = 14
edges = 15
froms  = [0,0,0,0,1,2,3,4,5,5,7,9,10,11,12]
tos    = [9,7,3,1,2,4,4,6,6,3,8,10,13,12,13]
weights= [0.025000,0.025000,0.187000,0.250000,3.672000,3.672000,0.100000,0.380000,3.672000,0.500000,0.500000,2.083000,0.010000,4.060000,0.500000]
mesh_rows = 4
mesh_cols = 4
