###The Graph represented by adjecent list is
cores = 12
edges = 12
froms  = [0,0,0,1,3,3,5,6,7,8,9,10]
tos    = [7,2,1,4,2,0,0,2,8,11,10,11]
weights= [0.025000,0.193000,38.000999,38.000999,37.958000,24.634001,38.015999,46.733002,2.083000,0.010000,4.060000,0.500000]
mesh_rows = 4
mesh_cols = 4
