###The Graph represented by adjecent list is
cores = 32
edges = 44
froms  = [0,1,2,3,3,4,5,6,7,7,8,9,10,10,10,10,11,12,13,13,14,15,16,17,18,18,19,20,21,22,22,23,24,25,25,25,25,26,27,28,28,29,30,30]
tos    = [1,2,3,14,4,5,6,7,9,8,9,8,31,11,8,5,12,13,11,10,4,16,17,18,29,19,20,21,22,24,23,24,23,31,26,23,20,27,28,26,25,19,15,0]
weights= [70.000000,362.000000,362.000000,49.000000,362.000000,357.000000,353.000000,300.000000,500.000000,313.000000,313.000000,94.000000,540.000000,16.000000,16.000000,16.000000,157.000000,16.000000,16.000000,16.000000,27.000000,70.000000,362.000000,362.000000,49.000000,362.000000,357.000000,353.000000,300.000000,500.000000,313.000000,313.000000,94.000000,540.000000,16.000000,16.000000,16.000000,157.000000,16.000000,16.000000,16.000000,27.000000,126.000000,126.000000]
mesh_rows = 4
mesh_cols = 8
