###The Graph represented by adjecent list is
cores = 64
edges = 190
froms  = [0,0,0,1,1,1,1,1,2,2,2,3,3,3,4,4,4,4,4,5,5,5,5,6,6,6,6,6,7,7,7,7,7,8,8,8,8,9,9,9,10,10,10,10,10,10,10,11,11,11,12,12,12,12,12,12,13,13,13,13,14,14,14,14,15,15,15,15,15,16,16,17,17,17,18,18,18,19,19,19,20,20,20,20,21,21,22,22,22,22,22,23,23,23,24,24,24,24,25,25,25,26,26,26,26,27,27,27,28,28,28,28,28,29,29,29,29,29,29,30,30,30,31,31,31,32,33,34,35,35,36,36,36,36,37,37,37,37,38,38,39,40,40,40,40,41,42,43,44,44,44,44,45,45,46,47,47,47,48,49,49,50,50,51,52,53,53,54,55,55,56,56,57,57,57,57,58,58,58,59,59,60,60,61,62,62,62,63,63,63]
tos    = [28,4,1,20,11,3,2,0,11,9,1,63,12,1,8,7,6,5,0,20,12,9,4,32,23,10,9,4,57,31,23,10,4,24,22,10,4,6,5,2,44,15,14,13,8,7,6,24,2,1,26,25,18,17,5,3,29,27,16,10,62,38,37,10,63,36,29,19,10,35,13,47,27,12,44,21,12,57,23,15,56,36,5,1,29,18,59,39,26,24,8,19,7,6,30,22,11,8,34,33,12,58,40,22,12,42,17,13,54,53,52,51,0,61,59,31,21,15,13,62,31,24,30,29,7,6,25,25,60,16,46,45,20,15,50,49,48,14,55,14,22,58,44,43,26,55,27,40,56,40,18,10,47,36,36,58,45,17,37,57,37,62,37,28,28,63,28,28,41,38,44,20,60,49,19,7,47,40,26,29,22,57,35,29,50,30,14,53,15,3]
weights= [356.488007,192.496002,103.452003,107.640999,531.356995,406.980988,421.571991,103.452003,265.200989,52.762299,421.571991,271.683990,100.237000,406.980988,244.738998,429.561005,196.535004,462.845001,192.496002,147.016006,273.253998,443.158997,462.845001,518.903992,158.520996,466.269012,96.228600,196.535004,150.651001,459.752991,308.559998,127.855003,429.561005,137.791000,169.843994,426.575012,244.738998,96.228600,443.158997,52.762299,205.723007,251.658005,125.643997,110.939003,426.575012,127.855003,466.269012,316.058014,265.200989,531.356995,361.709015,337.200989,308.559998,69.338997,273.253998,100.237000,219.487000,462.845001,398.953003,110.939003,70.618500,381.427002,94.284897,125.643997,242.514999,226.242004,441.903015,429.561005,251.658005,175.942001,398.953003,244.738998,245.416000,69.338997,216.824005,77.604103,308.559998,394.872009,264.467010,429.561005,147.016006,192.496002,147.016006,107.640999,437.601990,77.604103,381.427002,159.744003,380.291992,126.021004,169.843994,264.467010,308.559998,158.520996,90.922699,126.021004,316.058014,137.791000,197.412003,482.825012,337.200989,166.929001,483.740997,380.291992,361.709015,107.640999,245.416000,462.845001,222.434998,381.427002,153.091995,219.487000,356.488007,170.813004,70.618500,70.618500,437.601990,441.903015,219.487000,103.452003,251.658005,90.922699,251.658005,70.618500,459.752991,518.903992,482.825012,197.412003,466.269012,175.942001,112.017998,101.533997,192.496002,226.242004,394.779999,197.412003,169.843994,94.284897,400.924988,381.427002,159.744003,511.037994,466.269012,244.738998,483.740997,224.695007,107.640999,244.738998,226.242004,466.269012,216.824005,205.723007,153.942993,101.533997,112.017998,176.957993,153.942993,244.738998,169.843994,175.942001,197.412003,330.604004,394.779999,219.487000,153.091995,329.674988,381.427002,222.434998,224.695007,400.924988,226.242004,147.016006,278.165009,175.942001,394.872009,150.651001,176.957993,511.037994,166.929001,70.618500,381.427002,278.165009,466.269012,170.813004,330.604004,103.452003,70.618500,329.674988,242.514999,271.683990]
mesh_rows = 8
mesh_cols = 8
