###The Graph represented by adjecent list is
cores = 64
edges = 118
froms  = [0,0,1,1,1,2,2,2,3,3,3,4,4,4,5,5,5,6,6,6,7,7,7,8,8,8,9,9,10,10,10,11,11,12,12,13,13,13,14,14,15,15,16,16,17,18,18,19,19,19,20,20,22,22,22,23,24,24,24,25,26,27,27,28,29,30,30,31,31,31,32,32,33,33,34,34,35,35,36,36,36,37,37,38,39,39,40,41,41,41,42,43,44,44,45,45,45,46,48,48,49,50,51,52,53,53,53,54,55,55,56,57,58,59,60,61,62,63]
tos    = [3,1,7,2,0,10,4,1,6,5,0,23,22,2,27,17,3,12,11,3,9,8,1,29,28,7,13,7,61,51,2,15,6,63,6,26,18,9,33,19,16,11,32,15,5,30,13,24,20,14,34,19,62,31,4,4,36,25,19,24,13,35,5,8,8,52,18,45,44,22,37,16,41,14,48,20,43,27,39,38,24,49,32,36,46,36,50,55,42,33,41,35,60,31,56,53,31,39,54,34,37,40,10,30,58,57,45,48,59,41,45,53,53,55,44,10,22,12]
weights= [122.068001,117.667000,130.826996,84.962898,117.667000,100.981003,132.326996,84.962898,92.093803,63.040699,122.068001,126.070999,102.723000,132.326996,116.081001,58.994900,63.040699,122.027000,108.427002,92.093803,86.250099,81.138199,130.826996,143.098999,112.422997,81.138199,58.994900,86.250099,108.427002,132.326996,100.981003,116.460999,108.427002,58.994900,122.027000,122.027000,107.754997,58.994900,115.746002,71.949303,100.834000,116.460999,100.981003,100.834000,58.994900,80.850098,107.754997,99.004402,127.864998,71.949303,122.068001,127.864998,58.994900,73.438202,102.723000,126.070999,127.864998,126.070999,99.004402,126.070999,122.027000,100.834000,116.081001,112.422997,143.098999,57.609901,80.850098,116.653999,143.098999,73.438202,85.260101,100.981003,69.121597,115.746002,63.040699,122.068001,57.609901,100.834000,132.326996,112.422997,127.864998,137.882004,85.260101,112.422997,72.944901,132.326996,116.081001,127.864998,143.098999,69.121597,143.098999,57.609901,86.773300,143.098999,130.826996,102.723000,116.653999,72.944901,86.773300,63.040699,137.882004,116.081001,132.326996,57.609901,84.962898,116.460999,102.723000,86.773300,137.882004,127.864998,130.826996,116.460999,84.962898,137.882004,86.773300,108.427002,58.994900,58.994900]
mesh_rows = 8
mesh_cols = 8
