###The Graph represented by adjecent list is
cores = 64
edges = 124
froms  = [0,0,1,1,1,2,2,2,3,3,3,4,4,4,5,5,5,6,6,6,7,7,7,8,8,8,9,9,9,10,10,10,11,11,12,12,13,13,13,14,14,14,15,15,16,16,17,17,18,18,19,19,19,20,20,21,21,22,22,22,23,24,24,24,25,26,27,27,28,29,30,30,31,31,31,32,32,33,33,34,34,35,35,36,36,36,37,37,38,39,39,40,40,41,41,41,42,43,44,44,45,45,45,46,48,48,49,50,51,52,53,53,53,54,55,55,56,57,58,59,60,61,62,63]
tos    = [3,1,7,2,0,10,4,1,6,5,0,23,22,2,27,17,3,12,11,3,9,8,1,29,28,7,14,13,7,61,51,2,15,6,63,6,26,18,9,33,19,9,16,11,32,15,21,5,30,13,24,20,14,34,19,40,17,62,31,4,4,36,25,19,24,13,35,5,8,8,52,18,45,44,22,37,16,41,14,48,20,43,27,39,38,24,49,32,36,46,36,50,21,55,42,33,41,35,60,31,56,53,31,39,54,34,37,40,10,30,58,57,45,48,59,41,45,53,53,55,44,10,22,12]
weights= [93.947899,97.894402,89.067497,116.706001,97.894402,101.652000,90.225700,116.706001,123.247002,83.322701,93.947899,108.406998,118.706001,90.225700,94.433502,110.348999,83.322701,72.664200,89.927101,123.247002,102.439003,113.750999,89.067497,86.789703,98.954399,113.750999,91.682800,110.348999,102.439003,97.385597,90.225700,101.652000,98.379799,89.927101,110.348999,72.664200,104.778000,94.126999,110.348999,92.013603,100.013000,91.682800,97.759399,98.379799,101.652000,97.759399,91.682800,110.348999,70.769798,94.126999,119.209999,95.941002,100.013000,93.947899,95.941002,91.682800,91.682800,110.348999,98.303299,118.706001,108.406998,84.227203,111.249001,119.209999,111.249001,104.778000,82.780098,94.433502,98.954399,86.789703,106.671997,70.769798,118.559998,86.789703,98.303299,89.391701,101.652000,120.140999,92.013603,104.717003,93.947899,106.671997,82.780098,96.744301,98.954399,84.227203,75.877701,89.391701,98.954399,83.718903,96.744301,94.433502,91.682800,95.941002,70.185699,120.140999,70.185699,106.671997,111.888000,86.789703,89.067497,118.706001,118.559998,83.718903,111.888000,104.717003,75.877701,94.433502,90.225700,106.671997,116.706001,98.379799,118.706001,111.888000,75.877701,95.941002,89.067497,98.379799,116.706001,75.877701,111.888000,97.385597,110.348999,110.348999]
mesh_rows = 8
mesh_cols = 8
