###The Graph represented by adjecent list is
cores = 64
edges = 124
froms  = [0,0,1,1,1,2,2,2,3,3,3,4,4,4,5,5,5,6,6,6,7,7,7,8,8,8,9,9,9,10,10,10,11,11,12,12,13,13,13,14,14,14,15,15,16,16,17,17,18,18,19,19,19,20,20,21,21,22,22,22,23,24,24,24,25,26,27,27,28,29,30,30,31,31,31,32,32,33,33,34,34,35,35,36,36,36,37,37,38,39,39,40,40,41,41,41,42,43,44,44,45,45,45,46,48,48,49,50,51,52,53,53,53,54,55,55,56,57,58,59,60,61,62,63]
tos    = [000,31,86.789703,56,89.067497,53,118.706001,31,118.559998,39,83.718903,54,111.888000,34,104.717003,37,75.877701,40,94.433502,10,90.225700,30,106.671997,58,116.706001,57,98.379799,45,118.706001,48,111.888000,59,75.877701,41,95.941002,45,89.067497,53,98.379799,53,116.706001,55,75.877701,44,111.888000,10,97.385597,22,110.348999,12,110.34899]
weights= [93.947899,97.894402,89.067497,116.706001,97.894402,101.652000,90.225700,116.706001,123.247002,83.322701,93.947899,108.406998,118.706001,90.225700,94.433502,110.348999,83.322701,72.664200,89.927101,123.247002,102.439003,113.750999,89.067497,86.789703,98.954399,113.750999,91.682800,110.348999,102.439003,97.385597,90.225700,101.652000,98.379799,89.927101,110.348999,72.664200,104.778000,94.126999,110.348999,92.013603,100.013000,91.682800,97.759399,98.379799,101.652000,97.759399,91.682800,110.348999,70.769798,94.126999,119.209999,95.941002,100.013000,93.947899,95.941002,91.682800,91.682800,110.348999,98.303299,118.706001,108.406998,84.227203,111.249001,119.209999,111.249001,104.778000,82.780098,94.433502,98.954399,86.789703,106.671997,70.769798,118.559998,86.789703,98.303299,89.391701,101.652000,120.140999,92.013603,104.717003,93.947899,106.671997,82.780098,96.744301,98.954399,84.227203,75.877701,89.391701,98.954399,83.718903,96.744301,94.433502,91.682800,95.941002,70.185699,120.140999,70.185699,106.671997,111.888000,31,86.789703,56,89.067497,53,118.706001,31,118.559998,39,83.718903,54,111.888000,34,104.717003,37,75.877701,40,94.433502,10,90.225700,30,106.671997,58,116.706001,57,98.379799,45,118.706001,48,111.888000,59,75.877701,41,95.941002,45,89.067497,53,98.379799,53,116.706001,55,75.877701,44,111.888000,10,97.385597,22,110.348999,12,110.34899]
mesh_rows = 8
mesh_cols = 8
