###The Graph represented by adjecent list is
cores = 64
edges = 182
froms  = [0,0,0,1,1,1,1,1,1,1,2,2,2,2,3,3,3,3,3,3,4,4,4,5,5,5,5,5,5,5,5,6,6,6,6,6,7,7,8,8,8,8,9,9,9,10,10,10,10,10,10,10,10,10,10,10,10,10,11,11,11,11,12,13,13,13,14,14,14,15,15,16,17,17,17,18,18,18,18,18,18,18,19,19,19,19,19,19,20,20,20,20,20,20,20,20,20,21,21,21,21,21,21,22,22,23,24,24,24,24,25,26,26,26,26,26,26,27,27,28,28,28,29,29,30,30,31,31,31,31,31,32,32,32,32,34,35,36,37,37,37,37,37,37,38,39,39,39,39,39,39,39,40,41,42,43,44,45,46,47,48,49,50,50,51,52,52,53,54,55,55,55,56,57,58,59,59,60,60,61,62,63]
tos    = [31,11,1,20,10,5,4,3,2,0,31,10,5,1,20,10,9,8,7,1,18,10,1,31,24,20,18,11,10,2,1,57,24,19,18,11,31,3,60,11,10,3,24,10,3,17,16,15,14,13,12,9,8,5,4,3,2,1,8,6,5,0,10,30,18,10,32,18,10,20,10,10,32,20,10,24,20,14,13,6,5,4,50,49,48,47,46,6,23,22,21,18,17,15,5,3,1,29,28,27,26,25,20,31,20,20,18,9,6,5,21,38,37,36,35,34,21,30,21,40,39,21,32,21,27,13,22,7,5,2,0,60,29,17,14,26,26,26,45,44,43,42,41,26,26,56,55,54,53,52,51,28,28,37,37,37,37,37,19,19,19,19,59,19,39,58,39,39,39,63,62,39,39,6,52,61,50,32,8,59,55,55]
weights= [685.692017,678.806030,718.208984,666.367981,668.062988,668.062988,657.125977,716.344971,652.284973,718.208984,697.500000,707.241028,659.159973,652.284973,690.567993,665.249023,717.101990,670.507019,691.036011,716.344971,705.784973,714.148010,657.125977,697.200012,736.822021,735.932983,740.697998,691.848999,681.271973,659.159973,668.062988,671.872986,669.961975,652.953003,654.963989,691.036011,719.245972,691.036011,653.109009,704.830994,702.752014,670.507019,694.310974,737.814026,717.101990,737.814026,654.877991,722.630005,682.392029,653.655029,742.135986,737.814026,702.752014,681.271973,714.148010,665.249023,707.241028,668.062988,704.830994,691.036011,691.848999,678.806030,742.135986,708.411987,695.710999,653.655029,680.125000,656.401978,682.392029,711.062012,722.630005,654.877991,664.971008,667.357971,737.814026,713.786987,659.159973,656.401978,695.710999,654.963989,740.697998,705.784973,704.856995,716.344971,673.281006,734.523010,706.283020,652.953003,659.497986,677.885010,656.401978,659.159973,667.357971,711.062012,735.932983,690.567993,666.367981,694.310974,694.310974,679.338013,709.307983,704.530029,656.401978,692.270020,677.885010,659.497986,713.786987,694.310974,669.961975,736.822021,704.530029,694.911987,729.369019,683.038025,706.283020,708.411987,709.307983,730.549988,679.338013,654.267029,671.960022,694.310974,703.607971,694.310974,730.549988,708.411987,692.270020,719.245972,697.200012,697.500000,685.692017,677.500977,703.607971,664.971008,680.125000,708.411987,706.283020,683.038025,731.940979,681.271973,688.353027,737.221008,652.284973,729.369019,694.911987,714.953003,683.008972,653.184998,696.744995,677.885010,659.159973,671.960022,654.267029,652.284973,737.221008,688.353027,681.271973,731.940979,706.283020,734.523010,673.281006,716.344971,668.062988,704.856995,659.159973,657.002014,677.885010,696.744995,653.184998,675.216003,657.002014,683.008972,714.953003,671.872986,657.002014,675.853027,668.062988,677.500977,653.109009,675.853027,657.002014,675.216003]
mesh_rows = 8
mesh_cols = 8
