###The Graph represented by adjecent list is
cores = 64
edges = 196
froms  = [0,0,0,1,1,1,1,1,1,1,1,1,2,2,2,2,2,3,3,3,3,3,4,4,4,4,4,5,5,5,5,6,6,6,6,6,7,7,7,7,7,7,7,7,7,7,7,7,7,8,8,8,8,8,8,8,8,9,10,11,11,11,11,11,11,12,12,13,13,14,14,14,14,15,15,15,16,16,17,17,17,17,17,17,17,17,17,18,19,19,19,19,19,19,20,21,21,21,21,21,22,23,23,23,23,23,23,23,24,24,24,24,25,26,27,27,28,29,29,29,29,29,29,30,31,32,33,33,33,33,33,33,34,36,37,38,38,39,39,40,41,42,42,43,43,43,43,43,44,44,44,44,45,45,46,46,47,48,48,48,48,49,49,50,50,50,50,50,50,50,50,50,50,51,51,52,53,53,54,55,56,57,58,59,59,59,60,60,60,60,60,60,60,61,62,63]
tos    = [11,8,1,24,8,7,6,5,4,3,2,0,48,44,17,6,1,17,11,8,7,1,17,11,8,7,1,24,8,7,1,17,8,7,2,1,60,50,17,16,15,14,13,12,6,5,4,3,1,10,9,6,5,4,3,1,0,8,8,20,19,18,4,3,0,17,7,50,7,23,22,21,7,24,17,7,60,7,60,50,15,12,7,6,4,3,2,11,50,44,43,42,41,11,11,40,39,38,37,14,14,30,29,28,27,26,25,14,59,15,5,1,23,23,60,23,23,36,34,33,32,31,23,23,29,29,58,57,56,55,54,29,29,29,21,44,21,50,21,21,19,60,19,49,47,46,45,19,60,38,19,2,59,43,50,43,43,53,52,51,2,50,43,63,62,61,49,46,39,19,17,13,7,60,48,48,59,48,33,33,33,33,33,53,45,24,51,44,42,27,17,16,7,50,50,50]
weights= [771.148987,1282.689941,418.470001,932.442993,392.806000,1017.840027,1270.920044,122.584999,1298.270020,182.526993,1367.739990,418.470001,1023.530029,295.397003,169.906998,658.367004,1367.739990,531.539001,932.302002,520.335999,608.801025,182.526993,732.241028,1295.459961,954.101990,284.251007,1298.270020,160.065994,441.588013,427.608002,122.584999,1111.719971,43.814098,664.866028,658.367004,1270.920044,650.974976,250.936996,56.663399,284.251007,43.814098,1141.910034,1465.750000,502.421997,664.866028,427.608002,284.251007,608.801025,1017.840027,295.397003,645.968994,43.814098,441.588013,954.101990,520.335999,392.806000,1282.689941,645.968994,295.397003,250.936996,710.107971,1302.890015,1295.459961,932.302002,771.148987,1345.459961,502.421997,658.367004,1465.750000,1411.420044,32.131401,148.501007,1141.910034,1279.760010,473.542999,43.814098,284.251007,284.251007,974.773010,1397.459961,473.542999,1345.459961,56.663399,1111.719971,732.241028,531.539001,169.906998,1302.890015,876.335022,154.729004,122.584999,1058.260010,46.101501,710.107971,250.936996,1087.709961,1092.780029,1545.099976,441.588013,148.501007,32.131401,900.783997,573.927979,584.687988,563.822021,1443.020020,872.408997,1411.420044,732.241028,1279.760010,160.065994,932.442993,872.408997,1443.020020,154.729004,563.822021,584.687988,1095.109985,393.575012,1388.089966,1443.780029,1526.660034,573.927979,900.783997,1526.660034,1443.780029,111.144997,1397.459961,87.080002,1157.560059,521.789001,1388.089966,393.575012,1095.109985,441.588013,658.367004,1545.099976,843.481018,1092.780029,1087.709961,46.101501,1443.020020,1058.260010,914.408997,504.101990,1070.219971,334.010010,122.584999,56.663399,658.367004,154.729004,295.397003,891.403015,334.010010,295.397003,1070.219971,504.101990,67.752800,1465.750000,465.134003,1023.530029,671.221985,914.408997,450.588013,111.144997,1367.739990,671.221985,295.397003,843.481018,876.335022,1397.459961,658.367004,250.936996,268.612000,465.134003,1465.750000,88.438797,67.752800,521.789001,1157.560059,87.080002,1397.459961,111.144997,88.438797,891.403015,732.241028,268.612000,56.663399,1443.020020,154.729004,974.773010,284.251007,650.974976,1367.739990,111.144997,450.588013]
mesh_rows = 8
mesh_cols = 8
