###The Graph represented by adjecent list is
cores = 64
edges = 178
froms  = [0,0,1,1,1,2,2,2,3,3,3,4,4,4,5,5,5,6,6,6,7,7,8,8,8,9,9,10,10,10,10,11,11,11,11,12,12,12,13,13,13,14,14,14,15,15,15,15,15,16,16,16,17,17,17,18,18,18,19,19,19,19,20,20,20,20,20,21,21,21,22,22,22,23,23,23,24,24,24,24,25,25,25,25,26,26,26,27,27,27,27,27,28,28,29,29,29,30,30,31,31,32,32,33,33,33,34,34,34,34,35,35,36,36,37,37,37,37,38,39,39,39,40,40,40,41,41,41,41,42,42,43,43,43,43,43,44,44,45,45,45,46,46,46,47,47,47,47,47,48,48,49,49,50,51,51,52,52,53,54,54,55,55,55,55,55,56,56,57,57,58,59,60,60,61,61,62,63]
tos    = [3,1,7,2,0,10,4,1,6,5,0,41,11,2,15,12,3,11,10,3,8,1,27,19,7,20,17,14,13,6,2,27,15,6,4,23,22,5,26,18,10,19,15,10,25,16,14,11,5,29,28,15,27,21,9,46,20,13,24,20,14,8,43,34,19,18,9,40,33,17,31,25,12,36,24,12,29,25,23,19,30,24,22,15,47,33,13,48,35,17,11,8,32,16,51,24,16,34,25,37,22,37,28,41,26,21,48,47,30,20,43,27,43,23,39,38,32,31,37,61,46,37,45,44,21,55,42,33,4,63,41,62,55,36,35,20,49,40,56,47,40,50,39,18,56,52,45,34,26,34,27,53,44,46,54,29,60,47,49,55,51,58,57,54,43,41,47,45,59,55,55,57,61,52,60,39,43,42]
weights= [273.712006,321.795013,272.864990,311.121002,321.795013,289.912994,318.747986,311.121002,322.466003,277.666992,273.712006,330.933990,334.332001,318.747986,272.204987,296.490997,277.666992,251.283005,307.808990,322.466003,302.752991,272.864990,332.016998,283.212006,302.752991,317.247986,322.917999,289.912994,327.842987,307.808990,289.912994,318.747986,283.709991,251.283005,334.332001,317.247986,296.265991,296.490997,314.010986,304.065002,327.842987,302.752991,338.744995,289.912994,286.138000,281.778992,338.744995,283.709991,272.204987,277.983002,290.722992,281.778992,307.963013,297.299988,322.917999,319.812988,286.138000,304.065002,290.212006,254.440002,302.752991,283.212006,259.795990,271.299988,254.440002,286.138000,317.247986,311.121002,286.688995,297.299988,297.171997,331.175995,296.265991,298.256989,300.020996,317.247986,298.256989,293.234985,300.020996,290.212006,251.283005,293.234985,331.175995,286.138000,293.234985,289.912994,314.010986,259.795990,282.319000,307.963013,318.747986,332.016998,302.752991,290.722992,317.247986,298.256989,277.983002,273.712006,251.283005,286.138000,297.171997,294.574005,302.752991,277.983002,289.912994,286.688995,327.842987,281.778992,273.712006,271.299988,307.862000,282.319000,290.722992,298.256989,250.309006,333.567993,294.574005,286.138000,333.567993,266.174988,331.175995,250.309006,311.121002,283.709991,311.121002,290.968994,272.864990,277.983002,330.933990,278.031006,272.864990,253.981995,307.963013,290.722992,307.862000,259.795990,319.812988,283.709991,289.912994,297.299988,311.121002,295.643005,331.175995,319.812988,345.817993,317.247986,297.299988,281.778992,293.234985,327.842987,259.795990,283.394989,319.812988,295.643005,275.869995,317.247986,304.934998,317.247986,283.394989,332.016998,275.869995,327.842987,329.782990,332.016998,307.963013,290.968994,345.817993,289.912994,295.643005,329.782990,327.842987,295.643005,294.574005,304.934998,294.574005,266.174988,253.981995,278.031006]
mesh_rows = 8
mesh_cols = 8
