###The Graph represented by adjecent list is
cores = 64
edges = 190
froms  = [0,0,0,1,1,1,1,1,2,2,2,3,3,3,4,4,4,4,4,5,5,5,5,6,6,6,6,6,7,7,7,7,7,8,8,8,8,9,9,9,10,10,10,10,10,10,10,11,11,11,12,12,12,12,12,12,13,13,13,13,14,14,14,14,15,15,15,15,15,16,16,17,17,17,18,18,18,19,19,19,20,20,20,20,21,21,22,22,22,22,22,23,23,23,24,24,24,24,25,25,25,26,26,26,26,27,27,27,28,28,28,28,28,29,29,29,29,29,29,30,30,30,31,31,31,32,33,34,35,35,36,36,36,36,37,37,37,37,38,38,39,40,40,40,40,41,42,43,44,44,44,44,45,45,46,47,47,47,48,49,49,50,50,51,52,53,53,54,55,55,56,56,57,57,57,57,58,58,58,59,59,60,60,61,62,62,62,63,63,63]
tos    = [28,4,1,20,11,3,2,0,11,9,1,63,12,1,8,7,6,5,0,20,12,9,4,32,23,10,9,4,57,31,23,10,4,24,22,10,4,6,5,2,44,15,14,13,8,7,6,24,2,1,26,25,18,17,5,3,29,27,16,10,62,38,37,10,63,36,29,19,10,35,13,47,27,12,44,21,12,57,23,15,56,36,5,1,29,18,59,39,26,24,8,19,7,6,30,22,11,8,34,33,12,58,40,22,12,42,17,13,54,53,52,51,0,61,59,31,21,15,13,62,31,24,30,29,7,6,25,25,60,16,46,45,20,15,50,49,48,14,55,14,22,58,44,43,26,55,27,40,56,40,18,10,47,36,36,58,45,17,37,57,37,62,37,28,28,63,28,28,41,38,44,20,60,49,19,7,47,40,26,29,22,57,35,29,50,30,14,53,15,3]
weights= [57.869801,32.013599,10.769800,38.379799,26.789700,41.651501,38.303299,10.769800,58.560200,31.682800,38.303299,29.927099,44.717201,41.651501,29.391701,24.227200,22.780100,33.947899,32.013599,29.067499,23.718901,36.744301,33.947899,38.243198,50.348801,10.185700,38.954399,22.780100,32.638401,26.818300,51.888100,60.140598,24.227200,30.037001,15.877700,46.672401,29.391701,38.954399,36.744301,31.682800,60.140598,30.225700,34.433498,15.877700,46.672401,60.140598,10.185700,50.348801,58.560200,26.789700,44.777599,34.581699,51.888100,58.705700,23.718901,44.717201,56.705601,33.947899,46.672401,15.877700,12.389200,24.227200,57.089001,34.433498,40.012798,15.056400,42.960899,35.941002,30.225700,38.243198,46.672401,67.559402,67.490700,58.705700,44.777599,56.705601,51.888100,22.780100,37.385601,35.941002,29.067499,32.013599,29.067499,38.379799,37.385601,56.705601,24.227200,26.600201,59.209999,25.522200,15.877700,37.385601,51.888100,50.348801,19.705200,25.522200,50.348801,30.037001,29.391701,42.438702,34.581699,53.764099,57.089001,59.209999,44.777599,38.379799,67.490700,33.947899,60.598999,24.227200,37.894402,56.705601,57.869801,31.714701,12.389200,12.389200,37.385601,42.960899,56.705601,10.769800,36.744301,19.705200,36.744301,12.389200,26.818300,38.243198,42.438702,29.391701,10.185700,38.243198,23.438900,14.524100,32.013599,15.056400,24.211700,29.391701,28.198900,57.089001,10.769800,24.227200,26.600201,42.960899,10.185700,67.559402,57.089001,33.483601,38.379799,67.559402,15.056400,10.185700,44.777599,60.140598,44.685398,14.524100,23.438900,60.532902,44.685398,67.559402,28.198900,38.243198,29.391701,36.886101,24.211700,56.705601,37.894402,55.070301,24.227200,60.598999,33.483601,10.769800,15.056400,29.067499,23.286100,38.243198,22.780100,32.638401,60.532902,42.960899,53.764099,12.389200,24.227200,23.286100,10.185700,31.714701,36.886101,10.769800,12.389200,55.070301,40.012798,29.927099]
mesh_rows = 8
mesh_cols = 8
