###The Graph represented by adjecent list is
cores = 13
edges = 13
froms  = [0,0,0,1,2,3,4,5,5,8,9,10,11]
tos    = [8,2,1,4,3,4,5,7,6,9,12,11,12]
weights= [0.025000,4.060000,2.083000,1.000000,0.500000,1.000000,0.870000,0.180000,0.150000,2.083000,0.010000,4.060000,0.500000]
mesh_rows = 4
mesh_cols = 4
