###The Graph represented by adjecent list is
cores = 12
edges = 26
froms  = [0,1,2,2,3,3,4,4,4,4,4,4,4,5,5,6,6,6,6,7,8,9,9,10,10,11]
tos    = [4,4,5,4,5,4,10,9,8,3,2,1,0,3,2,11,10,9,7,6,4,6,4,6,4,6]
weights= [95.000000,0.250000,20.000000,30.000000,20.000000,300.000000,16.000000,455.000000,0.250000,300.000000,30.000000,0.250000,95.000000,20.000000,20.000000,250.000000,86.500000,335.000000,125.000000,125.000000,0.250000,335.000000,455.000000,86.500000,16.000000,250.000000]
mesh_rows = 4
mesh_cols = 4
