###The Graph represented by adjecent list is
cores = 12
edges = 12
froms  = [0,0,1,1,3,4,5,6,7,8,8,10]
tos    = [4,1,5,2,4,7,6,9,8,10,9,11]
weights= [128.000000,64.000000,96.000000,128.000000,96.000000,96.000000,96.000000,96.000000,96.000000,64.000000,96.000000,64.000000]
mesh_rows = 4
mesh_cols = 4
