###The Graph represented by adjecent list is
cores = 16
edges = 21
froms  = [0,1,2,3,3,4,5,6,7,7,8,9,10,11,11,11,12,13,14,14,15]
tos    = [1,2,3,15,4,5,6,7,9,8,9,8,11,12,8,5,13,14,12,10,4]
weights= [70.000000,362.000000,362.000000,49.000000,362.000000,357.000000,353.000000,300.000000,500.000000,313.000000,313.000000,94.000000,16.000000,16.000000,16.000000,16.000000,157.000000,16.000000,16.000000,16.000000,27.000000]
mesh_rows = 4
mesh_cols = 4
